yyyy mm dd HH MM - yyyy mm dd HH MM K V W
2022 07 01 10 21   2022 07 01 10 22 1 1 0
2022 07 01 19 04   2022 07 01 19 05 1 1 0
2022 07 01 19 06   2022 07 01 19 08 1 1 0
2022 07 01 19 13   2022 07 01 19 15 1 1 0
2022 07 01 19 18   2022 07 01 19 20 1 1 0
2022 07 01 19 33   2022 07 01 19 36 1 1 0
2022 07 01 19 38   2022 07 01 19 44 1 1 0
2022 07 01 20 02   2022 07 01 20 03 1 1 0
2022 07 01 20 04   2022 07 01 20 09 1 1 0
2022 07 01 20 11   2022 07 01 20 15 1 1 0
2022 07 01 20 20   2022 07 01 20 21 1 1 0
2022 07 01 20 23   2022 07 01 20 27 1 1 0
2022 07 01 20 33   2022 07 01 20 35 1 1 0
2022 07 01 20 46   2022 07 01 20 53 1 1 0
2022 07 01 20 58   2022 07 01 21 01 1 1 0
2022 07 01 21 02   2022 07 01 21 03 1 1 0
2022 07 01 22 18   2022 07 01 22 20 1 1 0
2022 07 01 23 04   2022 07 01 23 05 1 1 0
2022 07 01 23 08   2022 07 01 23 09 1 1 0
2022 07 01 23 14   2022 07 01 23 15 1 1 0
2022 07 01 23 18   2022 07 01 23 20 1 1 0
2022 07 01 23 34   2022 07 01 23 35 1 1 0
2022 07 01 23 50   2022 07 01 23 51 1 1 0
2022 07 02 00 10   2022 07 02 00 12 1 1 0
2022 07 02 02 05   2022 07 02 02 06 1 1 0
2022 07 02 04 40   2022 07 02 04 41 1 1 0
2022 07 02 09 31   2022 07 02 09 32 1 1 0
2022 07 03 08 24   2022 07 03 08 25 1 1 0
2022 07 04 08 06   2022 07 04 08 07 1 1 0
2022 07 04 19 28   2022 07 04 19 29 1 0 0
2022 07 04 19 32   2022 07 04 19 33 1 0 0
2022 07 04 19 35   2022 07 04 19 37 1 0 0
2022 07 04 19 47   2022 07 04 19 48 1 0 0
2022 07 04 20 01   2022 07 04 20 02 1 0 0
2022 07 04 20 03   2022 07 04 20 04 1 0 0
2022 07 04 20 11   2022 07 04 20 12 1 0 0
2022 07 04 20 16   2022 07 04 20 17 1 0 0
2022 07 04 20 21   2022 07 04 20 23 1 0 0
2022 07 04 20 37   2022 07 04 20 38 1 0 0
2022 07 05 10 23   2022 07 05 10 24 1 0 0
2022 07 05 10 33   2022 07 05 10 35 1 0 0
2022 07 05 11 08   2022 07 05 11 09 1 0 0
2022 07 05 11 15   2022 07 05 11 16 1 0 0
2022 07 05 11 35   2022 07 05 11 38 1 0 0
2022 07 05 14 37   2022 07 05 14 38 1 0 0
2022 07 05 17 47   2022 07 05 17 48 1 0 0
2022 07 05 17 51   2022 07 05 17 52 1 0 0
2022 07 06 07 37   2022 07 06 07 38 1 1 0
2022 07 07 07 37   2022 07 07 07 39 1 1 0
2022 07 07 23 29   2022 07 07 23 30 1 1 0
2022 07 08 02 01   2022 07 08 02 04 1 0 0
2022 07 08 08 46   2022 07 08 08 47 1 1 0
2022 07 08 16 05   2022 07 08 16 06 1 0 0
2022 07 08 16 11   2022 07 08 16 12 1 0 0
2022 07 08 16 37   2022 07 08 16 38 1 0 0
2022 07 08 16 49   2022 07 08 16 50 1 0 0
2022 07 08 17 12   2022 07 08 17 13 1 0 0
2022 07 08 17 48   2022 07 08 17 49 1 1 0
2022 07 09 11 36   2022 07 09 11 37 1 1 0
2022 07 10 19 00   2022 07 10 19 05 1 1 0
2022 07 11 04 01   2022 07 11 04 03 1 1 0
2022 07 17 21 38   2022 07 17 21 39 1 0 0
2022 07 22 05 57   2022 07 22 05 58 1 1 0
2022 07 24 09 26   2022 07 24 09 27 1 1 0
2022 07 26 03 57   2022 07 26 03 59 0 1 0
2022 07 26 04 00   2022 07 26 04 02 0 1 0
2022 07 26 16 15   2022 07 26 16 20 0 1 0
2022 07 26 18 22   2022 07 26 18 23 0 1 0
2022 07 26 21 08   2022 07 26 21 10 0 1 0
2022 07 27 09 36   2022 07 26 09 37 0 1 0
2022 07 27 09 39   2022 07 26 09 40 0 1 0
2022 07 27 16 51   2022 07 27 16 53 0 1 0
2022 07 27 17 35   2022 07 27 17 36 0 1 0
2022 07 28 22 47   2022 07 28 22 48 0 1 0
2022 07 28 22 50   2022 07 28 22 51 0 1 0
2022 07 29 00 01   2022 07 29 00 02 0 1 0
2022 07 29 00 03   2022 07 29 00 04 0 1 0
2022 07 29 00 37   2022 07 29 00 38 0 1 0
2022 07 29 00 40   2022 07 29 00 41 0 1 0
2022 07 29 02 32   2022 07 29 02 34 0 1 0
2022 07 30 04 17   2022 07 30 04 18 1 1 0
2022 07 30 05 18   2022 07 30 05 19 1 0 0
2022 07 30 05 25   2022 07 30 07 19 1 1 0
2022 07 31 00 23   2022 07 31 00 24 0 1 0
2022 07 31 03 38   2022 07 31 03 39 0 1 0
2022 08 06 04 11   2022 08 06 04 13 0 1 0
2022 08 06 04 16   2022 08 06 04 18 0 1 0
2022 08 06 13 33   2022 08 06 13 34 0 1 0
2022 08 07 16 59   2022 08 07 17 01 0 1 0
2022 08 08 22 09   2022 08 08 22 10 0 1 0
2022 08 09 15 10   2022 08 09 15 12 0 1 0
2022 08 10 14 07   2022 08 10 14 09 0 1 0
2022 08 10 14 10   2022 08 10 14 15 0 1 0
2022 08 10 15 47   2022 08 10 15 48 0 1 0
2022 08 11 01 38   2022 08 11 01 40 0 1 0
2022 08 11 06 25   2022 08 11 06 27 0 1 0
2022 08 12 06 29   2022 08 12 06 30 0 1 0
2022 08 12 07 23   2022 08 12 07 25 0 1 0
2022 08 12 08 10   2022 08 12 08 11 1 1 0
2022 08 12 08 19   2022 08 12 08 21 0 1 0
2022
2022
2022
2022
2022
2022
2022
2022
2022
2022
2022
2022
2022
2022
2022
2022
2022
2022
2022
2022
2022
2022
2022
2022
2022
2022
2022
2022
2022
2022
2022
2022
2022
2022
2022
2022
2022
2022
2022
2022
2022
2022
2022
2022
2022
2022
2022
2022
2022
2022
2022
2022
2022
2022
2022
2022
2022
2022
2022
2022
2022
2022
2022
2022
2022
2022
2022
2022
2022
2022
2022
2022
2022
2022
2022
2022
2022
2022
2022
2022
2022
2022
2022
2022
2022
2022
2022
2022
2022
2022
2022
2022
2022
2022
2022
2022
2022
2022
2022
2022
2022
2022
2022
2022
2022
2022
2022
2022
2022
2022
2022
2022
2022
2022
2022
2022
2022
2022
2022
2022
2022
2022
2022
2022
2022
2022
2022
2022
2022
2022
2022
2022
2022
2022
2022
2022
2022
2022
2022
2022
2022
2022
2022
2022
2022
2022
2022
2022
2022
2022
2022
2022
2022
2022
2022
2022
2022
2022
2022
2022
2022
2022
2022
2022
2022
2022
2022
2022
2022
2022
2022
2022