yyyy mm dd HH MM - yyyy mm dd HH MM
2019 10 03 03 18   2019 10 03 03 19
2019 10 03 03 28   2019 10 03 03 29
2019 10 03 03 33   2019 10 03 03 34
2019 10 03 03 52   2019 10 03 03 53
2019 10 04 01 08   2019 10 04 01 09
2019 10 04 01 19   2019 10 04 01 21
2019 10 04 01 41   2019 10 04 01 42
2019 10 09 07 55   2019 10 09 07 56
2019 10 09 07 59   2019 10 09 08 00
2019 10 09 08 08   2019 10 09 08 09
2019 10 09 08 13   2019 10 09 08 14
2019 10 09 08 20   2019 10 09 08 21
2019 10 09 08 25   2019 10 09 08 26
2019 10 09 08 33   2019 10 09 08 34
2019 10 10 04 08   2019 10 10 04 09
2019 10 10 04 13   2019 10 10 04 14
2019 10 10 04 18   2019 10 10 04 19
2019 10 10 04 23   2019 10 10 04 24
2019 10 10 04 28   2019 10 10 04 32
2019 10 10 04 36   2019 10 10 04 39
2019 10 10 04 52   2019 10 10 04 53
2019 10 10 04 54   2019 10 10 04 55
2019 10 11 01 42   2019 10 11 01 43
2019 10 11 01 45   2019 10 11 01 46
2019 10 11 01 53   2019 10 11 01 55
2019 10 11 01 57   2019 10 11 01 58
2019 10 11 02 00   2019 10 11 02 01
2019 10 11 02 04   2019 10 11 02 05
2019 10 11 02 14   2019 10 11 02 15
2019 10 11 02 22   2019 10 11 02 23
2019 10 11 02 36   2019 10 11 02 37
2019 10 11 02 44   2019 10 11 02 45
2019 10 11 02 47   2019 10 11 02 48
2019 10 11 04 09   2019 10 11 04 10
2019 10 11 04 12   2019 10 11 04 13
2019 10 11 04 24   2019 10 11 04 25
2019 10 12 01 43   2019 10 12 01 44
2019 10 12 01 46   2019 10 12 01 47
2019 10 12 01 54   2019 10 12 01 58
2019 10 12 02 05   2019 10 12 02 06
2019 10 12 02 07   2019 10 12 02 08
2019 10 12 02 16   2019 10 12 02 17
2019 10 12 02 19   2019 10 12 02 20
2019 10 12 02 24   2019 10 12 02 25
2019 10 12 02 27   2019 10 12 02 28
2019 10 12 02 32   2019 10 12 02 33
2019 10 12 02 35   2019 10 12 02 37
2019 10 14 00 30   2019 10 14 00 31
2019 10 14 00 33   2019 10 14 00 34
2019 10 14 00 46   2019 10 14 00 47
2019 10 14 00 49   2019 10 14 00 50
2019 10 14 00 54   2019 10 14 00 56
2019 10 14 05 52   2019 10 14 05 53
2019 10 14 05 54   2019 10 14 05 55
2019 10 14 05 58   2019 10 14 05 59
2019 10 14 06 01   2019 10 14 06 03
2019 10 14 06 07   2019 10 14 06 08
2019 10 14 06 11   2019 10 14 06 12
2019 10 14 06 19   2019 10 14 06 20
2019 10 14 06 23   2019 10 14 06 24
2019 10 14 06 26   2019 10 14 06 27
2019 10 15 05 50   2019 10 15 05 51
2019 10 15 06 31   2019 10 15 06 32
2019 10 15 06 34   2019 10 15 06 35
2019 10 15 07 14   2019 10 15 07 18
2019 10 15 07 19   2019 10 15 07 20
2019 10 17 01 55   2019 10 17 01 56
2019 10 17 02 04   2019 10 17 02 05
2019 10 17 02 08   2019 10 17 02 09
2019 10 17 02 15   2019 10 17 02 16
2019 10 21 05 30   2019 10 21 05 32
2019 10 21 05 38   2019 10 21 05 39
2019 10 21 05 42   2019 10 21 05 43
2019 10 21 05 46   2019 10 21 05 47
2019 10 21 05 49   2019 10 21 05 50
2019 10 21 05 52   2019 10 21 05 53
2019 10 21 06 12   2019 10 21 06 13
2019 10 21 06 14   2019 10 21 06 15
2019 10 21 06 19   2019 10 21 06 20
2019 10 21 06 22   2019 10 21 06 23
2019 10 21 06 28   2019 10 21 06 29
2019 10 21 07 14   2019 10 21 07 15
2019 10 21 07 40   2019 10 21 07 41
2019 10 24 04 21   2019 10 24 04 26
2019 10 24 05 18   2019 10 24 05 19
2019 10 24 05 21   2019 10 24 05 22
2019 10 24 05 33   2019 10 24 05 34
2019 10 24 05 38   2019 10 24 05 39
2019 10 24 05 51   2019 10 24 05 52
2019 10 24 05 54   2019 10 24 05 55
2019 10 25 01 47   2019 10 25 01 48
2019 10 25 01 52   2019 10 25 01 53
2019 10 25 02 13   2019 10 25 02 15
2019 10 26 05 45   2019 10 26 05 46
2019 10 26 05 51   2019 10 26 05 52
2019 10 26 05 56   2019 10 26 05 58
2019 10 26 05 59   2019 10 26 06 00
2019 10 27 01 43   2019 10 27 01 44
2019 10 31 01 57   2019 10 31 01 58
2019 10 31 01 59   2019 10 31 02 00
2019 10 31 04 11   2019 10 31 04 12
2019 10 31 04 14   2019 10 31 04 15
2019 10 31 04 17   2019 10 31 04 18
2019 10 31 04 20   2019 10 31 04 21
2019 11 01 01 41   2019 11 01 01 42
2019 11 01 01 45   2019 11 01 01 46
2019 11 01 01 48   2019 11 01 01 51
2019 11 04 01 37   2019 11 04 01 39
2019 11 04 01 40   2019 11 04 01 42
2019 11 20 08 11   2019 11 20 08 12
2019 11 20 08 35   2019 11 20 08 36
2019 11 20 08 42   2019 11 20 08 43
2019 11 20 08 51   2019 11 20 08 52
2019 11 21 07 57   2019 11 21 07 58
2019 11 21 08 00   2019 11 21 08 01
2019 12 07 10 11   2019 12 07 10 12
2019 12 07 10 15   2019 12 07 10 16
2019 12 07 10 19   2019 12 07 10 20
2019 12 07 10 22   2019 12 07 10 23
2019 12 07 10 31   2019 12 07 10 32
2019 12 07 10 35   2019 12 07 10 36
2019 12 07 10 39   2019 12 07 10 40
2019 12 07 10 42   2019 12 07 10 44
2019 12 07 10 47   2019 12 07 10 48
2019 12 07 11 00   2019 12 07 11 01
2019 12 07 11 05   2019 12 07 11 06
2019 12 07 11 09   2019 12 07 11 11
2019 12 14 10 09   2019 12 14 10 10
2019 12 14 10 12   2019 12 14 10 13
2019 12 14 10 16   2019 12 14 10 17
2019 12 14 10 20   2019 12 14 10 21
2019 12 14 11 15   2019 12 14 11 16
2019 12 14 11 18   2019 12 14 11 19
2019 12 14 11 23   2019 12 14 11 24
2019 12 14 11 28   2019 12 14 11 29
2019 12 14 11 32   2019 12 14 11 33
2019 12 14 11 35   2019 12 14 11 36
2019 12 14 11 39   2019 12 14 11 41
2019 12 14 11 43   2019 12 14 11 44
2019 12 14 11 47   2019 12 14 11 48
2019 12 14 11 49   2019 12 14 11 50
2019 12 14 11 59   2019 12 14 12 00
2019 12 14 12 01   2019 12 14 12 03
2019 12 14 12 05   2019 12 14 12 06
2019 12 14 12 25   2019 12 14 12 26
2019 12 14 12 30   2019 12 14 12 31
2019 12 14 12 35   2019 12 14 12 36
2019 12 14 12 38   2019 12 14 12 39
2019 12 14 13 03   2019 12 14 13 04
2019 12 14 13 07   2019 12 14 13 08
2019 12 14 13 11   2019 12 14 13 12
2019 12 14 13 17   2019 12 14 13 18
2019 12 14 14 06   2019 12 14 14 07
2019 12 14 14 10   2019 12 14 14 11
2019 12 14 14 14   2019 12 14 14 15
2020 01 04 07 09   2020 01 04 07 11
2020 01 04 13 28   2020 01 04 13 29
2020 01 04 14 07   2020 01 04 14 08
2020 01 05 12 25   2020 01 05 12 26
2020 01 10 16 07   2020 01 10 16 08
2020 01 18 08 20   2020 01 18 08 21
2020 01 18 08 46   2020 01 18 08 47
2020 01 18 10 21   2020 01 18 10 22
2020 01 18 12 06   2020 01 18 12 07
2020 01 18 12 15   2020 01 18 12 16
2020 01 18 13 37   2020 01 18 13 39
2020 01 18 13 56   2020 01 18 13 57
2020 01 31 13 18   2020 01 31 13 28
2020 02 01 12 02   2020 02 01 12 10
2020 02 01 13 23   2020 02 01 13 27
2020 02 03 11 36   2020 02 03 11 37
2020 02 05 11 38   2020 02 05 11 39
2020 02 05 11 46   2020 02 05 11 47
2020 02 07 11 10   2020 02 07 11 11
2020 02 07 11 14   2020 02 07 11 16
2020 02 10 11 24   2020 02 10 11 25
2020 02 10 13 32   2020 02 10 13 33
2020 02 10 13 49   2020 02 10 13 50
2020 02 10 13 53   2020 02 10 13 54
2020 02 10 14 01   2020 02 10 14 02
2020 02 10 14 23   2020 02 10 14 24
2020 02 12 10 47   2020 02 12 10 48
2020 02 14 07 29   2020 02 14 07 30
2020 02 14 11 37   2020 02 14 11 38
2020 02 14 13 40   2020 02 14 13 41
2020 02 26 10 34   2020 02 26 10 35
2020 02 26 11 57   2020 02 26 12 01
2020 02 27 08 39   2020 02 27 08 40
2020 03 07 13 29   2020 03 07 13 30
2020 03 09 13 40   2020 03 09 13 41
2020 03 09 15 21   2020 03 09 15 22
2020 03 10 06 02   2020 03 10 06 05
2020 03 11 05 52   2020 03 11 05 54
2020 03 12 09 35   2020 03 12 09 36
2020 03 13 15 43   2020 03 13 15 44
2020 03 14 16 05   2020 03 14 16 06
2020 03 14 16 31   2020 03 14 16 32
2020 03 14 19 16   2020 03 14 19 18
2020 03 15 06 33   2020 03 15 06 34
2020 03 20 05 09   2020 03 20 05 10
2020 03 20 06 50   2020 03 20 06 51
2020 03 20 07 24   2020 03 20 07 25
2020 03 20 07 30   2020 03 20 07 31
2020 03 20 07 34   2020 03 20 07 35
2020 03 20 07 38   2020 03 20 07 39
2020 03 20 07 42   2020 03 20 07 43
2020 03 20 07 49   2020 03 20 07 50
2020 03 20 09 30   2020 03 20 09 31
2020 03 21 09 37   2020 03 21 09 39
2020 03 21 14 16   2020 03 21 14 17
2020 03 21 14 37   2020 03 21 14 38
2020 03 21 14 47   2020 03 21 14 48
2020 03 23 09 33   2020 03 23 09 34
2020 03 23 10 54   2020 03 23 10 55
2020 03 23 11 30   2020 03 23 11 31
2020 03 25 07 05   2020 03 25 07 50
2020 04 01 06 43   2020 04 01 06 44
2020 04 01 06 45   2020 04 01 06 46
2020 04 01 15 06   2020 04 01 15 07
2020 04 02 07 20   2020 04 02 07 21
2020 04 06 05 09   2020 04 06 05 11
2020 04 06 10 42   2020 04 06 10 43
2020 04 06 12 58   2020 04 06 13 00
2020 04 06 13 12   2020 04 06 13 13
2020 04 06 13 23   2020 04 06 13 24
2020 04 16 07 52   2020 04 16 07 53
2020 04 16 12 05   2020 04 16 12 06
2020 04 20 07 16   2020 04 20 07 17
2020 04 20 11 40   2020 04 20 11 41
2020 04 21 06 48   2020 04 21 06 50
2020 04 21 14 07   2020 04 21 14 08
2020 04 21 16 40   2020 04 21 16 41
2020 04 22 06 44   2020 04 22 06 45
2020 04 22 08 46   2020 04 22 08 47
2020 04 22 08 49   2020 04 22 08 51
2020 04 22 08 52   2020 04 22 08 54
2020 04 22 08 58   2020 04 22 08 59
2020 04 22 09 01   2020 04 22 09 02
2020 04 22 09 08   2020 04 22 09 10
2020 04 22 09 13   2020 04 22 09 14
2020 04 25 12 52   2020 04 25 12 53
2020 04 30 08 43   2020 04 30 08 44
2020 05 02 12 29   2020 05 02 12 30
2020 05 06 11 20   2020 05 06 11 21
2020 05 06 11 24   2020 05 06 11 26
2020 05 06 11 37   2020 05 06 11 39
2020 05 06 11 42   2020 05 06 11 43
2020 05 06 11 49   2020 05 06 11 50
2020 05 06 11 53   2020 05 06 11 54
2020 05 06 11 59   2020 05 06 12 00
2020 05 06 12 02   2020 05 06 12 03
2020 05 06 12 07   2020 05 06 12 08
2020 05 06 12 13   2020 05 06 12 14
2020 05 06 12 20   2020 05 06 12 21
2020 05 06 12 24   2020 05 06 12 25
2020 05 06 14 39   2020 05 06 14 40
2020 05 06 14 42   2020 05 06 14 43
2020 05 09 09 02   2020 05 09 09 03
2020 05 09 09 11   2020 05 09 09 12
2020 05 09 09 22   2020 05 09 09 23
2020 05 11 12 22   2020 05 11 12 23
2020 05 11 12 28   2020 05 11 12 31
2020 05 12 14 07   2020 05 12 14 09
2020 05 12 14 13   2020 05 12 14 15
2020 05 12 14 18   2020 05 12 14 19
2020 05 12 14 30   2020 05 12 14 31
2020 05 12 14 37   2020 05 12 14 38
2020 05 14 06 51   2020 05 14 06 52
2020 05 14 07 06   2020 05 14 07 07
2020 05 14 11 11   2020 05 14 11 12
2020 05 14 11 59   2020 05 14 12 00
2020 05 15 08 05   2020 05 15 08 06
2020 05 15 08 57   2020 05 15 08 58
2020 05 15 09 02   2020 05 15 09 03
2020 05 15 11 40   2020 05 15 11 41
2020 05 15 11 55   2020 05 15 11 57
2020 05 15 12 22   2020 05 15 12 23
2020 05 15 12 26   2020 05 15 12 28
2020 05 15 12 29   2020 05 15 12 30
2020 05 15 12 32   2020 05 15 12 33
2020 05 15 12 34   2020 05 15 12 35
2020 05 15 18 10   2020 05 15 18 11
2020 05 15 18 23   2020 05 15 18 25
2020 05 15 18 33   2020 05 15 18 34
2020 05 15 18 37   2020 05 15 18 57
2020 05 15 19 00   2020 05 15 19 01
2020 05 16 06 32   2020 05 16 06 33
2020 05 16 07 56   2020 05 16 07 58
2020 05 16 08 54   2020 05 16 08 55
2020 05 16 08 56   2020 05 16 08 57
2020 05 16 09 02   2020 05 16 09 03
2020 06 21 12 05   2020 06 21 12 06
2020 06 21 12 14   2020 06 21 12 15
2020 06 21 12 35   2020 06 21 12 36
2020 06 21 12 58   2020 06 21 12 59
2020 06 21 13 07   2020 06 21 13 08
2020 06 21 14 17   2020 06 21 14 18
2020 06 21 14 22   2020 06 21 14 23
2020 06 21 14 27   2020 06 21 14 28
2020 06 21 14 32   2020 06 21 14 34
2020 06 21 14 38   2020 06 21 14 39
2020 06 21 14 45   2020 06 21 14 46
2020 06 21 14 51   2020 06 21 14 52
2020 06 21 14 56   2020 06 21 14 57
2020 06 21 15 03   2020 06 21 15 04
2020 06 21 15 16   2020 06 21 15 18
2020 06 23 09 28   2020 06 23 09 29
2020 06 23 09 36   2020 06 23 09 37
2020 06 23 09 45   2020 06 23 09 47
2020 06 23 09 53   2020 06 23 09 54
2020 06 23 10 05   2020 06 23 10 06
2020 06 23 11 46   2020 06 23 11 47
2020 06 23 11 58   2020 06 23 11 59
2020 06 23 12 01   2020 06 23 12 02
2020 06 26 14 23   2020 06 26 14 24
2020 07 14 09 37   2020 07 14 09 38
2020 07 14 11 20   2020 07 14 11 21
2020 07 15 12 02   2020 07 15 12 04
2020 07 15 12 24   2020 07 15 12 25
2020 07 15 12 29   2020 07 15 12 33
2020 07 15 13 15   2020 07 15 13 17
2020 07 15 13 19   2020 07 15 13 20
2020 07 17 11 45   2020 07 17 11 46
2020 07 17 12 10   2020 07 17 12 11
2020 07 17 12 15   2020 07 17 12 16
2020 07 17 12 24   2020 07 17 12 26
2020 07 28 11 15   2020 07 28 11 16
2020 07 28 11 24   2020 07 28 11 25
2020 07 29 14 48   2020 07 29 14 49
2020 07 30 09 48   2020 07 30 09 49
2020 07 30 09 52   2020 07 30 09 53
2020 07 30 11 33   2020 07 30 11 35
2020 08 11 14 50   2020 08 11 14 51
2020 08 11 15 27   2020 08 11 15 29
2020 08 12 08 47   2020 08 12 08 48
2020 08 23 08 55   2020 08 23 08 56
2020 08 23 09 06   2020 08 23 09 07
2020 08 23 09 15   2020 08 23 09 16
2020 08 23 09 21   2020 08 23 09 22
2020 08 23 09 27   2020 08 23 09 28
2020 08 23 09 31   2020 08 23 09 33
2020 08 23 09 37   2020 08 23 09 38
2020 08 23 09 41   2020 08 23 09 42
2020 08 23 09 47   2020 08 23 09 49
2020 08 23 11 02   2020 08 23 11 03
2020 08 23 11 29   2020 08 23 11 30
2020 08 23 11 39   2020 08 23 11 41
2020 08 23 11 42   2020 08 23 11 43
2020 08 24 06 08   2020 08 24 06 10
2020 08 24 06 11   2020 08 24 06 13
2020 09 09 08 49   2020 09 09 08 51
2020 09 12 11 21   2020 09 12 11 22
2020 09 12 11 45   2020 09 12 11 47
2020 09 15 11 05   2020 09 15 11 06
2020 09 15 11 08   2020 09 15 11 10
2020 09 16 11 21   2020 09 16 11 23
2020 09 18 09 29   2020 09 18 09 30
2020 09 18 09 40   2020 09 18 09 41
2020 09 18 09 43   2020 09 18 09 44
2020 09 18 09 50   2020 09 18 09 51
2020 09 18 09 52   2020 09 18 09 53
2020 09 19 11 10   2020 09 19 11 11
2020 09 19 11 16   2020 09 19 11 17
2020 09 20 03 56   2020 09 20 03 57
2020 09 20 03 59   2020 09 20 04 00
2020 09 20 08 15   2020 09 20 08 17
2020 09 30 12 14   2020 09 30 12 15
2020 09 30 12 18   2020 09 30 12 19